90 90 90 90 
90 90 90 90 
90 90 90 90 
90 90 90 90 
90 90 90 90 
90 90 90 90 
90 90 90 90 
90 90 90 90 
90 90 90 90 
90 90 90 90 
90 90 90 90 
90 90 90 90 
90 90 90 90 
90 90 90 90 
90 90 90 90 
90 90 90 90 
90 90 90 90 
90 90 90 90 
90 90 90 90 
90 90 90 90 
90 90 90 90 
90 90 90 90 
90 90 90 90 
90 90 90 90 
90 90 90 90 
90 90 90 90 
90 90 90 90 
90 90 90 90 
90 90 90 90 
90 90 90 90 
90 90 90 90 
90 90 90 90 
90 90 90 90 
90 90 90 90 
90 90 90 90 
90 90 90 90 
90 90 90 90 
90 90 90 90 
90 90 90 90 
90 90 90 90 
90 90 90 90 
90 90 90 90 
90 90 90 90 
90 90 90 90 
90 90 90 90 
90 90 90 90 
90 90 90 90 
90 90 90 90 
90 90 90 90 
90 90 90 90 
90 90 90 90 
90 90 90 90 
90 90 90 90 
90 90 90 90 
90 90 90 90 
90 90 90 90 
90 90 90 90 
90 90 90 90 
90 90 90 90 
90 90 90 90 
90 90 90 90 
90 90 90 90 
90 90 90 90 
90 90 90 90 
90 90 90 90 
90 90 90 90 
90 90 90 90 
90 90 90 90 
90 90 90 90 
90 90 90 90 
90 90 90 90 
90 90 90 90 
90 90 90 90 
90 90 90 90 
90 90 90 90 
90 90 90 90 
90 90 90 90 
90 90 90 90 
90 90 90 90 
90 90 90 90 
90 90 90 90 
90 90 90 90 
90 90 90 90 
90 90 90 90 
90 90 90 90 
90 90 90 90 
90 90 90 90 
90 90 90 90 
90 90 90 90 
90 90 90 90 
90 90 90 90 
90 90 90 90 
90 90 90 90 
90 90 90 90 
90 90 90 90 
90 90 90 90 
90 90 90 90 
90 90 90 90 
90 90 90 90 
90 90 90 90 
90 90 90 90 
90 90 90 90 
90 90 90 90 
90 90 90 90 
90 90 90 90 
90 90 90 90 
90 90 90 90 
90 90 90 90 
90 90 90 90 
90 90 90 90 
90 90 90 90 
90 90 90 90 
90 90 90 90 
90 90 90 90 
90 90 90 90 
90 90 90 90 
90 90 90 90 
90 90 90 90 
90 90 90 90 
90 90 90 90 
90 90 90 90 
90 90 90 90 
90 90 90 90 
90 90 90 90
8d 6c 24 28
b8 80 e9 ad
51 68 cf 8c
04 08 c3 00
90 90 90 90
90 90 90 90
00 00 00 00
a8 39 68 55
